2.9012887 54.273003
2.4089062 54.06905
2.2049553 54.561428
2.001003 55.053814
1.7970536 55.546192
1.9412688 55.89436
2.085484 56.242527
1.8815316 56.734913
2.0257466 57.08308
1.8217957 57.57546
1.9660124 57.923626
2.1102276 58.27179
1.9062752 58.764175
2.0504901 59.112343
1.8465395 59.60472
1.9907545 59.95289
1.7868036 60.445274
1.9310188 60.793434
2.075234 61.14161
1.871283 61.633987
2.0154982 61.982155
2.1597133 62.33032
2.6520958 62.534275
2.796311 62.88244
3.2886934 63.086388
3.7810748 63.29034
4.273457 63.494297
4.417672 63.842457
4.9100547 64.04641
5.402437 64.25037
5.8948183 64.454315
6.0390334 64.80248
6.531416 65.00643
7.023797 65.21038
7.516181 65.41434
7.6603966 65.7625
8.152778 65.966446
8.645158 66.1704
9.137541 66.37435
9.281755 66.72252
9.774137 66.926476
10.26652 67.13042
10.758901 67.33438
10.903118 67.68255
11.395501 67.88649
11.887882 68.09045
12.380265 68.294395
12.52448 68.64256
13.016861 68.84651
13.161077 69.19468
13.653459 69.398636
13.797673 69.7468
13.941889 70.09496
14.43427 70.29892
14.578485 70.64708
14.722704 70.99525
15.215086 71.1992
15.359301 71.54737
15.503516 71.89553
15.995897 72.09948
16.140112 72.44765
16.284328 72.79582
16.428543 73.14398
16.920925 73.34794
17.06514 73.696106
17.209354 74.044266
17.701736 74.248215
17.845951 74.59639
17.99017 74.94455
18.48255 75.148506
18.626764 75.49667
19.119146 75.70062
19.611532 75.90458
19.959696 75.76036
20.307863 75.61615
20.656029 75.47193
21.14841 75.67589
21.496578 75.53167
21.844744 75.38744
22.192911 75.24323
22.541077 75.099014
23.033459 75.30297
23.381626 75.15875
23.729794 75.014534
24.07796 74.87032
24.28191 74.377945
24.137695 74.02978
23.993479 73.68161
23.849266 73.33344
23.356884 73.12949
22.864504 72.92554
22.660551 73.41792
22.516335 73.06975
22.720284 72.57738
22.924236 72.084984
22.431854 71.881035
22.28764 71.532875
22.143425 71.18471
21.651043 70.98075
21.506826 70.63259
21.362612 70.28442
20.87023 70.080475
20.726013 69.73231
20.581799 69.38414
20.437584 69.03597
19.945202 68.83201
19.800985 68.48385
19.656769 68.13569
19.164389 67.93173
19.020174 67.58357
18.875957 67.235405
18.383575 67.03145
18.23936 66.68328
18.095144 66.33511
17.602764 66.131165
17.45855 65.783
16.96617 65.57905
16.618 65.72327
16.269835 65.86748
15.7774515 65.66353
15.633234 65.31536
15.140853 65.11141
15.489019 64.967186
15.69297 64.474815
15.548756 64.12665
15.056374 63.92269
14.912159 63.57453
14.419778 63.370575
13.927396 63.166622
13.435013 62.962677
13.290798 62.61451
12.798414 62.410557
12.306032 62.206608
11.813651 62.002647
11.669436 61.65448
11.177055 61.450535
10.684671 61.246586
10.19229 61.042633
10.048075 60.69446
9.555693 60.49052
9.063312 60.286564
8.57093 60.08261
8.426712 59.734444
7.9343314 59.5305
7.5861635 59.67471
7.382213 60.16709
7.0340457 60.31131
6.8898306 59.963142
7.237998 59.818924
7.441949 59.326546
7.297734 58.97838
6.805352 58.774418
6.6611376 58.426258
6.516921 58.07809
6.024538 57.874138
5.8803234 57.525978
5.7361083 57.17781
5.2437267 56.97385
5.0995116 56.625683
4.955295 56.277523
4.81108 55.92935
4.3186975 55.725403
4.1744823 55.37724
4.0302672 55.02907
3.5378864 54.82512
3.39367 54.47695
1.9977887 54.262756
2.4901712 54.058804
2.838337 54.203014
3.0422893 54.695396
3.3904555 54.839615
3.5944047 55.332
3.9425724 55.47621
4.146523 55.968594
4.4946904 56.112812
4.6986413 56.60519
5.0468073 56.749405
5.2507596 57.241787
5.454712 57.73417
5.8028793 57.87838
6.006829 58.370773
6.354996 58.514984
6.558947 59.007366
6.7628994 59.499752
6.6186843 59.84791
6.474469 60.196083
6.8226337 60.340298
6.9668493 59.992123
7.1110635 59.643955
7.603446 59.44001
7.807399 59.93239
8.155563 60.076607
8.503731 60.22082
8.851898 60.36504
9.200066 60.50926
9.54823 60.653465
9.896397 60.79768
10.10035 61.290066
10.448517 61.434277
10.796681 61.578495
11.14485 61.72271
11.493016 61.86692
11.841184 62.011143
12.189348 62.155354
12.393301 62.647747
12.741468 62.791958
13.089632 62.936172
13.4378 63.080383
13.785967 63.2246
14.134135 63.368824
14.4823 63.513035
14.686252 64.00542
15.034418 64.14963
15.238372 64.64202
15.094154 64.99018
14.949941 65.33835
15.298105 65.48256
15.646272 65.62678
15.850224 66.119156
15.99444 65.77099
16.486822 65.56705
16.834988 65.71126
17.183153 65.85547
17.387106 66.347855
17.735273 66.492065
17.939222 66.98444
18.287392 67.12867
18.491343 67.621056
18.839508 67.76527
19.043459 68.257645
19.391626 68.401855
19.59558 68.89424
19.943743 69.03846
20.147694 69.53084
20.495861 69.67506
20.699814 70.167435
21.04798 70.31165
21.25193 70.80404
21.6001 70.94825
21.80405 71.44063
22.152216 71.58485
22.356169 72.077225
22.56012 72.56961
22.067736 72.77356
21.923521 73.12173
22.271688 73.265945
22.764067 73.06199
23.112236 73.20621
23.460402 73.35042
23.664354 73.84281
23.868305 74.33518
23.724089 74.68336
23.231709 74.887314
22.739326 75.091255
22.246943 75.295204
21.898777 75.150986
21.406395 75.35494
20.914013 75.55889
20.565847 75.41468
20.073467 75.61864
19.581083 75.822586
19.232916 75.67837
18.740534 75.882324
18.39237 75.738106
18.188417 75.24573
17.84025 75.1015
17.636297 74.60913
17.288132 74.46491
17.08418 73.97252
16.736013 73.828316
16.53206 73.33593
16.183897 73.19172
15.979944 72.69933
15.631777 72.555115
15.427829 72.06273
15.079661 71.91852
14.875709 71.42614
14.527541 71.28193
14.323592 70.78954
13.975426 70.645325
13.771472 70.15294
13.567519 69.66056
13.219356 69.51635
13.015404 69.02396
12.667236 68.879745
12.319068 68.735535
11.970904 68.59132
11.622737 68.4471
11.418785 67.95472
11.070618 67.8105
10.722454 67.66629
10.374286 67.52208
10.026118 67.37786
9.677955 67.23364
9.329787 67.089424
9.125834 66.59705
8.777667 66.452835
8.429503 66.30862
8.081335 66.1644
7.7331676 66.02019
7.385 65.87597
7.036836 65.73176
6.8328834 65.23937
6.484716 65.09515
6.136549 64.950935
5.7883844 64.80672
5.440217 64.66251
5.092049 64.518295
4.743885 64.374084
4.5399327 63.881695
4.191765 63.737484
3.8435977 63.59327
3.4954333 63.44905
3.1472657 63.30484
2.7990985 63.160618
2.450931 63.016407
2.2469802 62.52402
1.8988142 62.379807
1.6948619 61.88742
1.4909124 61.39505
1.6351275 61.046875
1.4311752 60.554497
1.5753903 60.20633
1.3714395 59.713943
1.5156546 59.365784
1.6598711 59.01762
1.4559202 58.525234
1.6001354 58.177067
1.3961831 57.684673
1.5403982 57.33652
1.6846133 56.988346
1.4806639 56.495968
1.624879 56.1478
1.4209267 55.655415
1.5651418 55.307255
1.7093569 54.959084
1.8535721 54.610916
