2.9012887 54.273003
2.4089062 54.06905
2.2049553 54.561428
2.001003 55.053814
1.7970536 55.546192
1.9412688 55.89436
2.085484 56.242527
1.8815316 56.734913
2.0257466 57.08308
1.8217957 57.57546
1.9660124 57.923626
2.1102276 58.27179
1.9062752 58.764175
2.0504901 59.112343
1.8465395 59.60472
1.9907545 59.95289
1.7868036 60.445274
1.9310188 60.793434
2.075234 61.14161
1.871283 61.633987
2.0154982 61.982155
2.1597133 62.33032
2.3039298 62.678486
2.796311 62.88244
3.2886934 63.086388
3.4329085 63.434555
3.9252894 63.638508
4.417672 63.842457
4.5618887 64.19062
5.05427 64.394585
5.5466523 64.598526
5.6908674 64.94669
6.1832485 65.15065
6.675631 65.3546
6.8198476 65.70277
7.312229 65.90671
7.8046117 66.110664
7.948826 66.45884
8.441208 66.66278
8.933589 66.86674
9.077804 67.214905
9.570187 67.41885
10.062567 67.62281
10.206785 67.97097
10.699168 68.17492
11.191548 68.378876
11.335764 68.72704
11.828147 68.930984
12.320527 69.13495
12.464743 69.483116
12.957125 69.687065
13.10134 70.035225
13.245556 70.38339
13.737937 70.58736
13.882152 70.93552
14.374537 71.13946
14.518751 71.48763
14.662968 71.83579
15.155349 72.03975
15.299562 72.387924
15.443779 72.736084
15.936161 72.94003
16.080376 73.2882
16.572758 73.49215
16.716972 73.840324
16.861187 74.188484
17.353569 74.39243
17.497786 74.74061
17.642002 75.08877
18.134384 75.292725
18.2786 75.640884
18.77098 75.84484
18.915195 76.19301
19.407578 76.39696
19.755745 76.25275
20.103912 76.10852
20.452078 75.96431
20.94446 76.16826
21.292627 76.02404
21.640795 75.87983
21.988958 75.73561
22.481342 75.93957
22.829508 75.79536
23.177675 75.65114
23.52584 75.50692
23.874008 75.36271
24.222176 75.21849
24.426126 74.72611
24.630077 74.23373
24.485863 73.88556
23.993479 73.68161
23.501099 73.47766
23.008718 73.27371
22.660551 73.41792
22.312384 73.56214
22.516335 73.06975
22.720284 72.57738
22.57607 72.2292
22.431854 71.881035
21.939472 71.67709
21.795258 71.32892
21.302876 71.12497
21.15866 70.7768
21.014444 70.428635
20.522064 70.224686
20.377848 69.87651
20.233633 69.52835
19.741253 69.3244
19.597036 68.976234
19.104652 68.772285
18.960436 68.42412
18.816221 68.07594
18.323841 67.871994
18.179625 67.523834
18.03541 67.17567
17.54303 66.97172
17.398813 66.62355
16.906431 66.41959
16.762217 66.07143
16.269835 65.86748
16.065882 66.35986
15.717717 66.50408
15.573502 66.15591
15.081119 65.95196
15.285069 65.45958
15.489019 64.967186
14.996639 64.763245
14.852423 64.415085
14.360041 64.21112
13.867658 64.00717
13.723443 63.659008
13.231062 63.455055
12.738681 63.251106
12.594462 62.902935
12.102081 62.698982
11.609701 62.49504
11.465486 62.146866
10.973104 61.942913
10.480721 61.73896
10.336506 61.3908
9.844123 61.18685
9.351741 60.98289
9.207527 60.634724
8.715143 60.430786
8.222763 60.226826
7.7303786 60.022877
7.382213 60.16709
7.1782627 60.65947
6.6858797 60.45552
7.0340457 60.31131
7.237998 59.818924
7.0937824 59.470757
6.9495673 59.12259
6.805352 58.774418
6.31297 58.57047
6.168753 58.22231
6.024538 57.874138
5.8803234 57.525978
5.3879423 57.322025
5.2437267 56.97385
5.0995116 56.625683
4.955295 56.277523
4.462913 56.07357
4.3186975 55.725403
4.1744823 55.37724
4.0302672 55.02907
3.8860524 54.680897
3.39367 54.47695
1.9977887 54.262756
2.4901712 54.058804
2.838337 54.203014
3.1865046 54.347237
3.3904555 54.839615
3.5944047 55.332
3.9425724 55.47621
4.146523 55.968594
4.3504753 56.460976
4.6986413 56.60519
4.902592 57.09757
5.2507596 57.241787
5.454712 57.73417
5.658664 58.226555
6.006829 58.370773
6.2107797 58.863144
6.558947 59.007366
6.7628994 59.499752
6.9668493 59.992123
6.474469 60.196083
6.678418 60.688457
6.8226337 60.340298
6.9668493 59.992123
7.459232 59.788177
7.807399 59.93239
8.011348 60.424774
8.359516 60.56899
8.707684 60.7132
9.05585 60.857414
9.404015 61.001633
9.607967 61.494026
9.956135 61.638237
10.304302 61.782444
10.652467 61.926662
11.000634 62.07088
11.204586 62.563263
11.552753 62.707474
11.900919 62.85169
12.249085 62.995907
12.597253 63.140118
12.801203 63.63251
13.14937 63.776722
13.497537 63.920937
13.845705 64.06515
14.19387 64.209366
14.39782 64.701744
14.745988 64.84596
14.949941 65.33835
14.805724 65.686516
14.6615095 66.034676
15.009675 66.178894
15.3578415 66.32311
15.850224 66.119156
16.342606 65.91521
16.546556 66.40759
16.894724 66.55181
17.098675 67.04418
17.446844 67.1884
17.795008 67.33262
17.99896 67.825
18.347126 67.969215
18.551077 68.4616
18.899244 68.60582
19.103195 69.09819
19.451363 69.24241
19.655312 69.734795
20.003479 69.879
20.207432 70.37138
20.5556 70.5156
20.903763 70.65983
21.107718 71.1522
21.455883 71.29642
21.659836 71.7888
22.008 71.933014
22.211952 72.42539
22.415903 72.91777
22.271688 73.265945
21.779306 73.469894
22.127474 73.61411
22.619854 73.41016
22.96802 73.55438
23.316187 73.69859
23.664354 73.84281
24.01252 73.98702
24.21647 74.4794
24.072256 74.82757
23.928043 75.175735
23.435658 75.379684
22.943277 75.58363
22.450895 75.78759
22.102728 75.64338
21.610346 75.84733
21.117966 76.05128
20.769798 75.90707
20.277416 76.111015
19.785036 76.314964
19.436869 76.170746
18.944485 76.3747
18.596317 76.23049
18.248154 76.08627
18.044203 75.59389
17.696035 75.44967
17.492083 74.95729
17.143917 74.81308
16.939966 74.320694
16.591797 74.17648
16.387846 73.6841
16.03968 73.53988
15.691514 73.39566
15.487562 72.90328
15.139397 72.75907
14.935445 72.26668
14.587276 72.12247
14.383327 71.63009
14.035162 71.48587
13.831209 70.993484
13.483043 70.84927
13.27909 70.35689
12.930925 70.21268
12.582758 70.06846
12.378806 69.57609
12.030639 69.43187
11.682473 69.28764
11.334307 69.14343
11.130354 68.651054
10.7821865 68.50684
10.434022 68.362625
10.085855 68.21841
9.881903 67.72602
9.533738 67.58181
9.185571 67.43759
8.837403 67.29338
8.489236 67.14916
8.285288 66.656784
7.9371204 66.512566
7.5889525 66.36835
7.240785 66.22414
6.892621 66.079926
6.6886687 65.58755
6.3405013 65.44332
5.9923334 65.29911
5.644169 65.15489
5.296002 65.01068
5.092049 64.518295
4.743885 64.374084
4.3957176 64.229866
4.04755 64.08565
3.6993825 63.94143
3.4954333 63.44905
3.1472657 63.30484
2.7990985 63.160618
2.450931 63.016407
2.1027648 62.87219
1.8988142 62.379807
1.6948619 61.88742
1.4909124 61.39505
1.6351275 61.046875
1.4311752 60.554497
1.5753903 60.20633
1.3714395 59.713943
1.5156546 59.365784
1.6598711 59.01762
1.4559202 58.525234
1.6001354 58.177067
1.3961831 57.684673
1.5403982 57.33652
1.6846133 56.988346
1.4806639 56.495968
1.624879 56.1478
1.4209267 55.655415
1.5651418 55.307255
1.7093569 54.959084
1.5054061 54.466705
