2.9755197 60.36079
2.4831371 60.15684
2.1349711 60.301056
1.9310188 60.793434
2.075234 61.14161
1.871283 61.633987
2.0154982 61.982155
1.811546 62.47454
1.9557624 62.8227
2.0999775 63.17087
1.8960266 63.66325
2.0402417 64.01142
1.8362895 64.50381
1.9805045 64.85197
1.7765552 65.344345
1.9207702 65.69251
2.0649855 66.04068
1.8610331 66.533066
2.0052483 66.881226
1.8012974 67.37361
1.945514 67.72178
2.089729 68.06995
2.2339442 68.41811
2.7263253 68.62207
3.2187078 68.82601
3.711089 69.02997
4.203471 69.23392
4.6958528 69.43787
5.188235 69.64182
5.6806192 69.84577
6.173002 70.04972
6.6653824 70.25368
7.1577654 70.45763
7.650146 70.661575
8.142529 70.865524
8.63491 71.06948
8.983077 70.92526
9.475458 71.12922
9.967841 71.33317
10.460222 71.53712
10.952602 71.74107
11.444985 71.945015
11.937369 72.14897
12.429751 72.35292
12.922133 72.55688
13.4145155 72.760826
13.906897 72.964775
14.39928 73.168724
14.89166 73.37269
15.035876 73.720856
15.528258 73.92479
15.672473 74.272964
15.816688 74.62113
15.960903 74.96929
16.453285 75.17325
16.597502 75.521416
16.741718 75.86958
16.885933 76.21774
17.378315 76.4217
17.522532 76.769875
17.666744 77.118034
17.81096 77.4662
18.303343 77.67015
18.447556 78.01831
18.591772 78.36648
18.735987 78.71465
19.228369 78.9186
19.372587 79.26677
19.516804 79.61494
19.661016 79.9631
20.153399 80.16705
20.501564 80.02284
20.849733 79.878624
21.342115 80.08257
21.69028 79.93836
22.038446 79.79415
22.386614 79.64993
22.878998 79.85388
23.227161 79.70966
23.575329 79.565445
23.923496 79.421234
24.271664 79.277016
24.764042 79.48097
25.112211 79.336754
25.460379 79.19254
25.808544 79.048325
26.012495 78.55594
26.216448 78.06356
26.072231 77.71539
25.928017 77.367226
25.435635 77.16328
24.943254 76.95932
24.595087 77.10354
24.24692 77.24776
24.45087 76.75538
24.799036 76.61115
25.002987 76.118774
24.510607 75.914825
24.366388 75.56666
24.222176 75.21849
23.729794 75.014534
23.585579 74.666374
23.441362 74.31821
23.297148 73.97004
22.804766 73.76609
22.660551 73.41792
22.516335 73.06975
22.372118 72.72159
21.879736 72.51764
21.73552 72.16947
21.591305 71.821304
21.447088 71.47314
20.954708 71.26918
20.810493 70.92102
20.666277 70.57285
20.522064 70.224686
20.029682 70.02073
19.5373 69.81678
19.189133 69.961
18.840967 70.10522
18.696753 69.75705
18.20437 69.55309
17.711985 69.349144
17.56777 69.000984
17.07539 68.79702
16.931173 68.44886
16.786959 68.10069
16.99091 67.608315
16.498528 67.40436
16.006147 67.20041
15.513765 66.99645
15.021382 66.7925
14.529 66.588554
14.036619 66.384605
13.544233 66.18065
13.051853 65.9767
12.559471 65.77275
12.067089 65.5688
11.574707 65.36485
11.082326 65.1609
10.589944 64.95694
10.097563 64.75299
9.749394 64.89721
9.257013 64.69325
8.908846 64.83747
8.704896 65.32985
8.212513 65.12591
8.416464 64.63352
8.272248 64.285355
8.128034 63.937187
7.635651 63.733234
7.14327 63.529285
6.999055 63.181114
6.5066724 62.977165
6.3624573 62.628998
5.8700747 62.425045
5.7258596 62.076885
5.2334785 61.872932
4.741096 61.66898
4.5968795 61.32082
4.1044984 61.116863
3.9602835 60.768692
3.4679005 60.56475
1.9235578 60.35055
2.4159389 60.14659
2.7641063 60.29081
3.1122723 60.43502
3.460438 60.579243
3.6643906 61.07162
4.012558 61.21584
4.3607254 61.360054
4.7088895 61.504272
4.9128423 61.99665
5.2610097 62.14086
5.609177 62.285084
5.8131266 62.777454
6.1612935 62.921673
6.5094614 63.065887
6.8576255 63.210106
7.0615783 63.702484
7.4097457 63.846706
7.757913 63.990925
7.961861 64.48331
8.165813 64.97568
8.021598 65.32385
8.369765 65.46807
8.513981 65.119896
8.310028 64.627525
8.802412 64.42357
9.150579 64.56779
9.498744 64.712
9.846912 64.85622
10.195079 65.00043
10.543246 65.144646
10.891412 65.28886
11.239578 65.433075
11.587746 65.57729
11.93591 65.721504
12.284079 65.86572
12.632245 66.00993
12.9804125 66.15415
13.328577 66.29837
13.676744 66.44259
14.024911 66.5868
14.373079 66.73101
14.721245 66.87522
15.069411 67.01945
15.561793 66.81549
15.909962 66.9597
16.258127 67.10391
16.606293 67.24814
16.810246 67.740524
16.666029 68.088684
16.521814 68.43685
16.725767 68.92923
17.07393 69.07345
17.422098 69.21767
17.770266 69.361885
17.974215 69.85426
18.322384 69.998474
18.67055 70.14269
18.814766 69.79453
19.307148 69.590576
19.655312 69.734795
19.859264 70.22717
20.207432 70.37138
20.411383 70.86377
20.615334 71.35615
20.963501 71.500374
21.167452 71.99275
21.515621 72.13696
21.719568 72.62935
21.923521 73.12173
22.271688 73.265945
22.475637 73.75832
22.823805 73.90254
23.027758 74.39492
23.231709 74.887314
23.579874 75.031525
23.783827 75.5239
24.131994 75.66812
24.335947 76.16049
24.539892 76.652885
24.047514 76.856834
23.9033 77.205
24.251461 77.34922
24.743845 77.145256
25.092009 77.28948
25.44018 77.43369
25.644133 77.92609
25.848085 78.41846
25.703873 78.766624
25.211485 78.97057
24.719105 79.17452
24.226719 79.37848
23.878555 79.23426
23.386173 79.43822
22.893791 79.642166
22.545626 79.49795
22.053242 79.701904
21.56086 79.90585
21.212696 79.76164
20.720312 79.96559
20.22793 80.16954
19.879763 80.02532
19.531599 79.88112
19.183432 79.7369
18.979479 79.244514
18.631313 79.100296
18.427362 78.60792
18.22341 78.11553
17.875242 77.97132
17.671293 77.478935
17.323124 77.334724
17.119173 76.84235
16.91522 76.34996
16.567055 76.20574
16.363104 75.713356
16.014936 75.569145
15.810985 75.07676
15.607036 74.58438
15.258868 74.44016
15.054915 73.947784
14.706753 73.80357
14.502799 73.31119
14.154633 73.16697
13.806464 73.02275
13.458301 72.87854
13.110133 72.73433
12.761966 72.59011
12.413798 72.44589
12.065633 72.30168
11.717466 72.15746
11.369299 72.01325
11.0211315 71.86903
10.672967 71.724815
10.3248 71.580605
9.976632 71.43639
9.484249 71.64034
9.136085 71.496124
8.787917 71.351906
8.43975 71.20769
8.091585 71.06348
7.7434177 70.91926
7.3952503 70.77505
7.0470834 70.63083
6.6989183 70.48661
6.350751 70.3424
6.002584 70.19819
5.654416 70.05397
5.3062515 69.90975
4.958084 69.76554
4.609917 69.62132
4.2617493 69.47711
3.9135847 69.33289
3.5654175 69.188675
3.21725 69.04446
2.8690856 68.900246
2.5209181 68.756035
2.1727507 68.611824
1.8245833 68.4676
1.6206338 67.97521
1.4166815 67.482834
1.5608966 67.13467
1.7051119 66.7865
1.501161 66.29412
1.6453761 65.94595
1.4414238 65.453575
1.5856389 65.10541
1.381688 64.61303
1.5259031 64.264854
1.6701196 63.916687
1.4661689 63.424313
1.6103839 63.07614
1.4064317 62.583763
1.5506467 62.235588
1.6948619 61.88742
1.4909124 61.39505
1.6351275 61.046875
1.7793425 60.69871
