3.2392063 59.02786
2.7468238 58.82391
2.3986578 58.968124
2.0504901 59.112343
1.8465395 59.60472
1.9907545 59.95289
1.7868036 60.445274
1.9310188 60.793434
2.075234 61.14161
1.871283 61.633987
2.0154982 61.982155
1.811546 62.47454
1.9557624 62.8227
2.0999775 63.17087
1.8960266 63.66325
2.0402417 64.01142
1.8362895 64.50381
1.9805045 64.85197
1.7765552 65.344345
1.9207702 65.69251
2.0649855 66.04068
1.8610331 66.533066
2.0052483 66.881226
2.1494632 67.22939
2.6418474 67.43336
3.1342285 67.6373
3.2784433 67.985466
3.770826 68.189415
4.263207 68.39337
4.7555895 68.59732
5.2479706 68.80127
5.740353 69.00522
5.884568 69.35339
6.3769526 69.55734
6.869335 69.76129
7.361716 69.96525
7.8540983 70.16919
8.346479 70.373146
8.490694 70.72132
8.983077 70.92526
9.475458 71.12922
9.967841 71.33317
10.460222 71.53712
10.952602 71.74107
11.096818 72.08923
11.589204 72.29318
12.081585 72.49714
12.573967 72.70109
13.066348 72.90504
13.210563 73.25321
13.702947 73.45716
13.84716 73.80533
13.991377 74.15349
14.483758 74.357445
14.627972 74.70562
15.120355 74.90956
15.26457 75.25772
15.756951 75.461685
15.901169 75.80985
16.045385 76.15802
16.537767 76.36196
16.681982 76.71013
17.174362 76.914085
17.318579 77.262245
17.81096 77.4662
17.955175 77.81437
18.099392 78.16253
18.591772 78.36648
18.735987 78.71465
19.228369 78.9186
19.372587 79.26677
19.516804 79.61494
20.009184 79.818886
20.35735 79.674675
20.705517 79.53046
21.197899 79.73441
21.546066 79.590195
21.894232 79.445984
22.2424 79.301765
22.590567 79.15755
23.082947 79.361496
23.431114 79.21728
23.77928 79.07307
24.127445 78.928856
24.619827 79.1328
24.967997 78.98858
25.316162 78.844376
25.664328 78.70016
26.012495 78.55594
26.360662 78.41172
26.564613 77.91934
26.768566 77.42696
26.624348 77.07879
26.13197 76.87485
25.639587 76.6709
25.495369 76.32272
25.002987 76.118774
24.510607 75.914825
24.16244 76.05904
23.814272 76.20325
23.670057 75.85509
24.018223 75.71088
24.222176 75.21849
24.07796 74.87032
23.933744 74.522156
23.441362 74.31821
23.297148 73.97004
22.804766 73.76609
22.660551 73.41792
22.168169 73.21397
22.02395 72.86581
21.879736 72.51764
21.387354 72.31368
21.24314 71.965515
20.750757 71.761566
20.606543 71.41341
20.11416 71.20945
19.969944 70.861275
19.825731 70.513115
19.33335 70.309166
19.189133 69.961
18.696753 69.75705
18.552538 69.408875
18.060152 69.204926
17.915937 68.85676
17.771723 68.5086
17.279339 68.30465
17.07539 68.79702
16.727222 68.94124
16.23484 68.73729
15.742457 68.53335
15.598242 68.18517
15.802194 67.692795
16.006147 67.20041
15.513765 66.99645
15.021382 66.7925
14.529 66.588554
14.036619 66.384605
13.544233 66.18065
13.400019 65.83248
12.907639 65.62854
12.415256 65.42458
11.922874 65.220634
11.430491 65.016685
10.93811 64.81272
10.793896 64.46456
10.301513 64.26061
9.809131 64.056656
9.316749 63.852707
8.824368 63.64876
8.3319845 63.44481
8.18777 63.09664
7.695388 62.89268
7.203005 62.688732
6.999055 63.181114
6.7951035 63.6735
6.3027215 63.469543
6.5066724 62.977165
6.7106233 62.484787
6.566408 62.136612
6.074027 61.932667
5.9298115 61.584507
5.4374294 61.380547
5.293213 61.032387
5.148998 60.68421
4.6566167 60.480267
4.5124016 60.1321
4.020019 59.928146
3.875804 59.57998
3.7315872 59.23182
2.008037 59.16183
2.5004196 58.95788
2.8485856 59.10209
3.196753 59.24631
3.400704 59.73869
3.7488697 59.882908
4.0970373 60.027122
4.300988 60.519505
4.6491556 60.66372
4.853105 61.156097
5.2012725 61.300316
5.405225 61.792698
5.7533917 61.936916
6.101557 62.081127
6.305509 62.573513
6.1612935 62.921673
6.0170784 63.269848
6.3652463 63.41406
6.5094614 63.065887
7.0018406 62.86194
7.350008 63.006153
7.698176 63.15037
8.046344 63.294586
8.394507 63.438805
8.742675 63.583023
9.090843 63.72723
9.43901 63.87144
9.642959 64.36383
9.991127 64.50805
10.339294 64.65226
10.687462 64.79647
11.035625 64.94069
11.383794 65.08491
11.731961 65.22912
12.080125 65.37334
12.428292 65.517555
12.776461 65.661766
13.124628 65.805984
13.328577 66.29837
13.676744 66.44259
14.024911 66.5868
14.373079 66.73101
14.721245 66.87522
15.069411 67.01945
15.273363 67.511826
15.129147 67.85999
14.984933 68.20815
15.333099 68.35238
15.681264 68.49659
16.029432 68.64081
16.233383 69.13318
16.377598 68.78502
16.869982 68.58107
17.218145 68.72528
17.566315 68.86949
17.91448 69.01371
18.11843 69.506096
18.466597 69.650314
18.67055 70.14269
19.018717 70.28691
19.366882 70.43112
19.570835 70.92351
19.919 71.067726
20.122953 71.560104
20.471119 71.70432
20.819286 71.84853
21.023237 72.34092
21.371405 72.48513
21.575354 72.977516
21.923521 73.12173
22.271688 73.265945
22.475637 73.75832
22.823805 73.90254
23.027758 74.39492
23.375925 74.53914
23.724089 74.68336
23.928043 75.175735
23.783827 75.5239
23.63961 75.87207
23.495394 76.22024
23.987778 76.01628
24.480162 75.81233
24.68411 76.30471
25.032274 76.44893
25.38044 76.59315
25.72861 76.73736
25.932564 77.229744
26.136515 77.72212
26.340467 78.21451
25.848085 78.41846
25.355701 78.62241
24.86332 78.82636
24.370934 79.03031
24.02277 78.8861
23.530386 79.09004
23.038008 79.294
22.68984 79.14979
22.197456 79.35374
21.84929 79.20952
21.356909 79.413475
20.864527 79.61743
20.516361 79.473206
20.023977 79.677155
19.531599 79.88112
19.327644 79.388725
18.979479 79.244514
18.631313 79.100296
18.427362 78.60792
18.079193 78.4637
17.875242 77.97132
17.527077 77.82711
17.17891 77.68289
16.974958 77.190506
16.62679 77.04629
16.42284 76.55391
16.074673 76.40969
15.726506 76.26548
15.522554 75.773094
15.17439 75.62888
14.970437 75.1365
14.62227 74.99228
14.274104 74.84807
14.070152 74.35569
13.721986 74.21147
13.518034 73.719086
13.169869 73.574875
12.821702 73.43066
12.61775 72.93827
12.269583 72.79406
11.921418 72.64985
11.573251 72.50563
11.225083 72.36142
10.876916 72.2172
10.528751 72.07298
10.3248 71.580605
9.976632 71.43639
9.628465 71.292175
9.2803 71.14796
8.932133 71.00374
8.583965 70.85952
8.2358 70.71532
7.887633 70.5711
7.539466 70.42689
7.1912985 70.28266
6.8431334 70.13845
6.6391816 69.646065
6.2910137 69.50185
5.9428463 69.357635
5.5946817 69.213425
5.246515 69.06921
4.898347 68.92498
4.5501795 68.78078
4.2020154 68.63656
3.8538475 68.49235
3.5056803 68.34813
3.1575158 68.20391
2.9535635 67.71153
2.605396 67.56732
2.2572286 67.4231
1.9090642 67.27889
1.7051119 66.7865
1.501161 66.29412
1.6453761 65.94595
1.4414238 65.453575
1.5856389 65.10541
1.381688 64.61303
1.5259031 64.264854
1.6701196 63.916687
1.4661689 63.424313
1.6103839 63.07614
1.4064317 62.583763
1.5506467 62.235588
1.6948619 61.88742
1.4909124 61.39505
1.6351275 61.046875
1.4311752 60.554497
1.5753903 60.20633
1.3714395 59.713943
1.5156546 59.365784
