3.0702474 56.65043
2.5778651 56.446487
2.229699 56.590694
2.0257466 57.08308
1.8217957 57.57546
1.9660124 57.923626
2.1102276 58.27179
1.9062752 58.764175
2.0504901 59.112343
1.8465395 59.60472
1.9907545 59.95289
1.7868036 60.445274
1.9310188 60.793434
2.075234 61.14161
1.871283 61.633987
2.0154982 61.982155
1.811546 62.47454
1.9557624 62.8227
2.0999775 63.17087
1.8960266 63.66325
2.0402417 64.01142
2.1844568 64.35959
2.328672 64.70775
2.8210545 64.9117
3.3134372 65.115654
3.805818 65.3196
4.2982006 65.52356
4.7905817 65.72751
5.282964 65.93146
5.7753468 66.135414
5.919562 66.48358
6.4119444 66.68753
6.9043255 66.89148
7.396708 67.09543
7.889089 67.299385
8.381472 67.503334
8.873853 67.70728
9.366234 67.91124
9.858619 68.11518
10.002834 68.46335
10.495215 68.66731
10.987598 68.871254
11.4799795 69.0752
11.972362 69.27916
12.116577 69.62733
12.608957 69.83128
12.753173 70.17944
12.897388 70.52761
13.3897705 70.73157
13.533985 71.07973
14.026369 71.28368
14.170585 71.63185
14.662968 71.83579
14.807182 72.18396
15.299562 72.387924
15.443779 72.736084
15.936161 72.94003
16.080376 73.2882
16.572758 73.49215
16.716972 73.840324
17.209354 74.044266
17.353569 74.39243
17.497786 74.74061
17.99017 74.94455
18.134384 75.292725
18.626764 75.49667
19.119146 75.70062
19.611532 75.90458
19.959696 75.76036
20.307863 75.61615
20.656029 75.47193
21.14841 75.67589
21.496578 75.53167
21.844744 75.38744
22.192911 75.24323
22.685293 75.44718
23.033459 75.30297
23.381626 75.15875
23.729794 75.014534
24.07796 74.87032
24.570341 75.07428
24.918509 74.93006
25.266674 74.78584
25.470627 74.29346
25.674578 73.80108
25.530361 73.45291
25.386147 73.104744
24.893768 72.900795
24.749548 72.552635
24.25717 72.34868
24.112951 72.00051
23.62057 71.79656
23.272402 71.94077
22.924236 72.084984
22.78002 71.736824
23.128187 71.59261
23.332138 71.10023
23.187925 70.75206
22.695541 70.54811
22.551327 70.19994
22.407112 69.851776
21.91473 69.64783
21.770515 69.29965
21.278133 69.0957
21.133919 68.74754
20.641535 68.54359
20.497318 68.19542
20.004936 67.99147
19.860722 67.6433
19.36834 67.439354
19.224125 67.09119
18.731743 66.88723
18.587528 66.53907
18.443314 66.1909
17.95093 65.986946
17.806717 65.63879
17.314333 65.43483
17.170118 65.08666
16.677734 64.88272
16.533522 64.53455
16.041138 64.3306
15.837185 64.822975
15.489019 64.967186
14.996639 64.763245
14.504256 64.559296
14.360041 64.21112
14.215826 63.862957
14.419778 63.370575
14.275562 63.02241
13.783179 62.818455
13.290798 62.61451
12.798414 62.410557
12.306032 62.206608
11.813651 62.002647
11.32127 61.798702
10.828888 61.594746
10.684671 61.246586
10.19229 61.042633
9.699907 60.83868
9.207527 60.634724
8.715143 60.430786
8.222763 60.226826
7.7303786 60.022877
7.237998 59.818924
6.7456155 59.61497
6.6014 59.26681
6.1090193 59.06285
5.6166368 58.858902
5.412686 59.35128
5.208735 59.843666
4.7163525 59.639713
5.06452 59.495502
5.268471 59.003117
5.1242537 58.65495
4.980039 58.30678
4.487658 58.102837
4.3434424 57.75467
4.199228 57.4065
3.706845 57.20255
3.5626285 56.85439
1.8288299 56.640182
2.3212123 56.436234
2.6693783 56.58045
3.0175443 56.72466
3.2214966 57.217045
3.5696626 57.361263
3.7736135 57.853638
4.1217794 57.997856
4.3257303 58.490242
4.6738977 58.634457
4.87785 59.126835
4.733635 59.475006
4.58942 59.823166
5.0818024 59.61922
5.2260175 59.271053
5.718397 59.0671
6.0665646 59.21132
6.414732 59.35553
6.7628994 59.499752
7.1110635 59.643955
7.459232 59.788177
7.807399 59.93239
8.011348 60.424774
8.359516 60.56899
8.707684 60.7132
9.05585 60.857414
9.404015 61.001633
9.752183 61.14585
10.10035 61.290066
10.448517 61.434277
10.796681 61.578495
11.14485 61.72271
11.493016 61.86692
11.841184 62.011143
12.189348 62.155354
12.537517 62.299572
12.885683 62.44379
13.233848 62.588005
13.582015 62.732216
13.785967 63.2246
13.989921 63.716984
13.845705 64.06515
14.049652 64.55753
14.39782 64.701744
14.745988 64.84596
15.094154 64.99018
15.238372 64.64202
15.730751 64.43806
16.078918 64.582275
16.427086 64.726494
16.631039 65.21888
16.979202 65.36309
17.32737 65.50731
17.531322 65.99968
17.879488 66.1439
18.083439 66.636284
18.431604 66.7805
18.779774 66.92471
18.983723 67.4171
19.33189 67.56132
19.680058 67.70553
19.884008 68.19791
20.232174 68.342125
20.436127 68.83451
20.784294 68.978714
21.13246 69.12293
21.33641 69.615326
21.684578 69.75954
22.032745 69.90375
22.236696 70.39613
22.58486 70.54035
22.933027 70.68456
23.13698 71.17694
22.644598 71.3809
22.500383 71.729065
22.704334 72.22145
22.84855 71.87328
23.340929 71.66933
23.689098 71.813545
23.89305 72.305916
24.241215 72.45014
24.445168 72.94253
24.793331 73.08674
24.997284 73.579124
25.201237 74.071495
25.057022 74.41967
24.56464 74.62362
24.072256 74.82757
23.579874 75.031525
23.087496 75.23547
22.739326 75.091255
22.246943 75.295204
21.898777 75.150986
21.406395 75.35494
20.914013 75.55889
20.565847 75.41468
20.073467 75.61864
19.581083 75.822586
19.232916 75.67837
18.740534 75.882324
18.39237 75.738106
18.044203 75.59389
17.84025 75.1015
17.492083 74.95729
17.143917 74.81308
16.939966 74.320694
16.591797 74.17648
16.387846 73.6841
16.03968 73.53988
15.691514 73.39566
15.487562 72.90328
15.139397 72.75907
14.791229 72.61485
14.587276 72.12247
14.23911 71.97826
14.035162 71.48587
13.6869955 71.34165
13.338827 71.19744
13.134875 70.70506
12.78671 70.56085
12.438542 70.41663
12.234591 69.92425
11.886423 69.78003
11.538259 69.63582
11.334307 69.14343
10.986139 68.99922
10.637972 68.855
10.289807 68.71079
9.94164 68.566574
9.5934725 68.422356
9.245307 68.278145
8.8971405 68.13393
8.548973 67.989716
8.200806 67.84549
7.8526406 67.70129
7.504473 67.55707
7.3005214 67.06469
6.952354 66.92047
6.604189 66.77625
6.256022 66.63204
5.9078546 66.48782
5.5596867 66.34361
5.211522 66.199394
4.863355 66.055176
4.5151873 65.91096
4.1670227 65.76675
3.8188555 65.622536
3.4706883 65.478325
3.1225207 65.33411
2.7743561 65.18989
2.4261887 65.04567
2.0780213 64.90145
1.874069 64.40907
1.6701196 63.916687
1.4661689 63.424313
1.6103839 63.07614
1.4064317 62.583763
1.5506467 62.235588
1.6948619 61.88742
1.4909124 61.39505
1.6351275 61.046875
1.4311752 60.554497
1.5753903 60.20633
1.3714395 59.713943
1.5156546 59.365784
1.6598711 59.01762
1.4559202 58.525234
1.6001354 58.177067
1.3961831 57.684673
1.5403982 57.33652
1.6846133 56.988346
